# This is the raw experimental data from:
# "The Emergence of Music Universals through Iterated Pitch Learning: A Pilot Study"
# by Jack Goffinet (2018)
#  
# Each line is a different sequence.
# 1 represents C4 and 20 represents G5.
# 
# 
# Generation 0 (seeded)
16 18 11 10 12 4 4 3 15 2
7 8 8 15 9 20 10 13 10 5
10 19 10 18 19 10 14 20 4 7
13 19 7 17 4 3 9 6 6 14
5 5 18 13 7 11 4 10 15 1
16 15 19 1 20 4 6 16 11 12
18 12 10 14 15 11 16 16 8 4
14 3 17 20 5 14 5 10 16 20
# Generation 1
16 18 13 12 9 12 5 4 17 3
7 8 8 13 5 16 9 12 9 4
10 19 10 18 19 10 14 7 2 15
13 19 7 11 15 4 12 9 9 17
5 5 16 8 3 7 7 2 15 9
16 15 18 3 13 2 1 14 13 16
18 12 10 8 15 14 16 16 8 4
14 1 12 16 2 13 15 8 14 17
# Generation 2
16 18 15 12 14 11 9 10 6 7
7 8 8 4 12 11 4 17 3 6
10 18 10 17 18 10 7 4 7 10
13 18 11 17 10 8 9 11 12 15
5 5 17 7 9 12 12 5 5 5
16 15 17 10 9 12 14 13 11 10
18 16 10 12 14 6 3 12 13 6
14 2 12 13 2 18 15 16 3 9
# Generation 3
16 17 14 15 12 11 9 10 8 7
7 8 8 4 17 16 4 5 9 8
10 18 10 17 18 10 7 4 7 10
13 18 11 17 10 8 9 12 11 15
5 5 17 7 9 12 12 5 5 5
16 15 17 13 15 14 12 13 11 12
18 17 12 11 13 11 8 6 6 5
14 2 12 13 2 18 17 3 12 13
# Generation 4
16 17 14 15 12 13 11 12 8 1
7 8 8 4 5 17 16 4 5 8
10 18 10 17 5 10 7 6 10 9
13 18 11 17 10 9 8 10 9 12
5 17 5 5 7 9 12 5 5 5
16 17 14 15 11 12 7 10 9 12
18 17 11 17 8 5 7 10 9 12
14 2 18 17 1 2 16 17 12 13
# Generation 5
16 17 14 15 12 13 10 11 8 7
7 10 10 7 17 14 7 10 10 7
10 18 10 17 10 12 9 11 9 6
13 16 13 17 13 10 11 9 10 8
5 17 5 5 5 16 17 13 5 5
16 17 14 15 11 12 9 10 8 6
18 18 11 17 15 17 11 14 13 12
14 2 15 14 2 3 14 12 14 10
# Generation 6
16 17 14 15 12 13 10 11 9 8
7 10 10 7 17 14 7 10 10 7
10 18 10 17 10 12 9 11 9 6
13 16 13 17 13 11 12 10 11 8
5 17 5 5 5 16 17 13 5 5
16 17 14 15 11 12 8 9 8 6
18 18 11 17 18 14 11 14 13 12
14 2 15 14 2 3 12 14 12 8
# Generation 7
16 17 14 15 12 13 10 11 9 8
7 10 10 7 17 14 10 10 8 7
10 18 10 17 10 12 9 11 10 7
13 14 16 13 14 12 10 9 10 7
5 17 5 5 5 16 17 13 12 5
16 17 14 15 11 12 10 9 7 6
18 18 11 17 18 14 13 14 12 11
14 2 15 14 2 13 14 12 11 7
